Urutan job terbaik : 
46 10 19 21 25 43 18 1 5 44 33 37 17 31 45 26 24 3 6 49 12 48 15 36 28 23 32 14 50 30 13 11 9 4 38 39 35 20 34 27 29 7 42 22 2 8 41 47 16 40 

Jadwal terbaik : 
55 62 68 33 85 4 97 52 44 60 44 28 2 12 34 86 8 42 57 37 14 96 4 41 4 98 59 89 37 98 95 91 84 75 83 28 2 20 46 73 40 89 71 51 95 53 80 53 95 21 
6 18 52 78 98 17 49 63 53 47 24 24 14 60 82 93 75 69 21 74 18 91 90 97 75 41 82 71 42 33 17 5 80 70 50 55 4 7 99 33 68 10 58 57 99 31 46 15 93 91 
76 37 65 2 30 80 6 82 46 9 34 35 66 81 24 63 90 79 23 66 24 35 19 78 93 82 73 62 48 85 65 24 87 95 20 16 13 59 74 5 53 40 11 67 21 95 12 32 67 48 
62 21 95 47 76 86 56 16 76 55 68 71 66 29 17 66 56 46 31 53 76 59 47 61 53 81 36 5 93 52 67 3 37 66 69 28 71 49 21 36 26 36 41 26 26 8 27 96 72 86 
97 38 85 10 20 27 72 63 21 8 83 39 70 20 7 24 67 59 59 61 79 56 38 29 23 42 75 44 9 60 58 78 30 35 14 74 92 8 26 75 33 78 10 84 55 25 86 84 76 66 
67 54 77 91 85 19 92 94 47 76 65 28 53 85 55 17 30 89 66 18 55 8 12 41 60 41 10 10 56 39 96 24 18 62 93 88 55 6 15 23 76 76 81 14 34 15 77 65 96 27 
89 98 60 38 99 7 89 79 8 12 75 32 62 14 43 34 1 93 45 56 25 33 68 29 22 87 84 28 57 14 21 17 26 32 89 12 32 64 37 9 74 37 97 90 21 78 19 14 24 47 
27 83 29 93 44 2 86 22 48 88 56 67 31 39 33 38 89 24 57 82 21 78 36 77 45 83 98 58 65 85 71 70 50 55 53 46 84 30 68 62 22 78 96 49 6 5 52 49 50 24 
19 93 14 59 70 76 33 80 17 10 3 33 21 69 65 35 85 64 78 21 25 86 43 77 76 85 46 80 75 72 67 68 72 77 49 59 71 30 57 2 46 82 70 83 13 4 59 77 93 82 
34 32 25 45 1 30 95 96 66 79 14 10 98 30 39 96 31 50 84 11 64 81 32 48 95 87 88 9 10 77 11 31 70 57 7 14 93 4 22 22 73 98 43 60 3 55 5 77 58 91 
55 65 57 93 94 35 48 53 88 13 43 45 36 62 75 39 77 99 93 3 79 67 72 14 46 88 77 26 93 30 9 39 42 62 25 98 48 95 98 74 17 34 92 79 19 72 90 80 29 30 
67 36 75 73 96 85 61 54 38 36 44 48 97 64 69 51 3 25 98 81 97 18 61 31 44 29 38 25 72 31 27 65 15 77 27 82 66 92 46 26 56 96 63 21 67 20 90 81 24 51 
63 69 4 55 76 57 1 71 22 65 84 32 44 81 13 98 35 59 88 53 2 96 22 14 81 87 27 3 94 25 14 76 78 82 95 30 98 16 59 78 48 35 19 43 90 49 68 26 26 13 
73 97 30 42 88 52 76 27 65 59 39 38 61 71 4 91 43 49 34 39 46 19 96 17 63 37 8 50 51 74 16 52 51 63 69 17 82 90 95 14 65 10 75 88 93 56 66 56 85 24 
14 66 83 19 34 76 90 95 84 22 89 3 29 42 17 23 12 54 54 91 16 69 51 10 30 87 56 90 53 83 79 25 84 22 53 97 96 83 38 44 82 2 47 95 53 80 65 11 29 11 
65 49 19 52 64 6 77 3 53 59 85 30 88 11 64 22 23 78 43 75 22 80 82 68 3 96 21 51 63 44 37 66 48 32 35 58 40 32 6 37 52 85 11 9 80 19 11 23 59 31 
36 45 81 68 50 8 42 92 87 94 71 2 83 50 51 13 88 11 66 17 6 30 55 21 13 56 94 64 21 18 3 52 23 83 63 58 31 92 64 23 49 98 52 46 62 42 64 82 97 36 
45 66 27 13 16 40 74 80 85 31 68 73 28 96 75 49 51 55 44 4 60 90 79 76 48 12 77 82 23 78 98 61 19 34 92 72 77 33 88 83 13 47 98 9 38 66 66 98 71 87 
95 41 42 27 34 32 66 61 14 30 14 48 34 85 16 6 65 16 92 95 3 12 53 95 39 8 32 95 21 7 72 78 46 42 37 59 59 63 74 42 2 67 93 92 86 77 42 58 59 4 
64 54 57 62 12 99 1 74 62 40 56 43 41 55 91 89 76 4 39 33 47 53 19 51 35 90 48 70 16 69 6 13 9 31 50 62 22 60 84 37 91 97 87 14 38 57 10 62 97 61 

Makespan : 4773

