Urutan job terbaik : 
47 1 10 16 31 45 32 38 44 12 29 49 42 25 6 24 8 27 15 13 4 14 11 50 9 40 20 17 5 39 30 35 19 22 7 18 36 21 37 2 26 48 43 33 28 46 41 3 23 34 

Jadwal terbaik : 
29 37 63 90 72 31 94 95 44 13 92 57 7 38 65 44 35 57 9 69 37 35 58 42 52 94 36 57 71 82 1 30 55 31 13 90 46 84 60 5 12 78 51 96 70 40 62 8 50 78 
50 77 66 40 25 96 2 54 49 65 48 22 8 40 67 41 99 56 95 24 33 30 57 48 54 57 55 85 47 67 38 94 46 22 61 46 50 39 26 64 19 46 81 99 16 18 18 66 41 67 
70 91 74 41 24 87 79 20 60 53 54 52 22 40 29 65 97 1 21 74 69 54 74 41 1 16 63 92 83 50 39 40 83 37 33 2 44 87 58 36 77 93 33 47 12 55 99 63 64 80 
92 91 41 69 43 2 4 38 7 27 79 24 37 92 49 49 76 59 9 14 92 68 29 2 49 76 67 94 47 32 16 13 64 66 87 51 95 47 64 7 74 58 28 3 36 88 66 40 27 11 
51 5 97 22 24 98 82 77 27 43 56 54 73 63 9 82 94 74 51 71 23 86 99 92 84 4 81 2 83 50 10 99 17 40 89 60 38 6 7 73 50 77 16 90 36 30 11 99 32 29 

Makespan : 3049

